# Growth and high-beta A-share sample for baostock research.
000021
000034
000066
000158
000400
000555
000681
000703
000733
000768
000818
000933
000938
000977
001309
002008
002028
002049
002050
002074
002079
002085
002129
002138
002151
002156
002179
002180
002185
002190
002230
002236
002241
002261
002268
002273
002281
002291
002304
002335
002340
002371
002384
002409
002414
002415
002436
002459
002460
002466
002475
002487
002518
002555
002558
002602
002603
002625
002709
002714
002738
002747
002756
002812
002841
002850
002920
002938
002939
002945
002965
300001
300002
300003
300012
300014
300015
300017
300024
300033
300037
300058
300059
300073
300088
300114
300115
300122
300124
300136
300142
300166
300207
300223
300226
300229
300253
300274
300308
300316
300347
300363
300373
300390
300394
300395
300408
300413
300418
300433
300450
300454
300456
300459
300474
300496
300498
300502
300558
300568
300604
300628
300661
300666
300672
300677
300682
300724
300750
300751
300759
300760
300763
300769
300782
300803
300832
300896
300919
