# Large/liquid A-share sample for baostock research.
600000
600009
600010
600015
600016
600028
600030
600031
600036
600048
600050
600104
600111
600150
600276
600309
600406
600438
600519
600570
600585
600690
600703
600745
600760
600795
600809
600837
600887
600893
600900
601012
601088
601166
601225
601318
601398
601601
601628
601668
601688
601728
601766
601788
601857
601899
601919
601985
601988
601989
000001
000002
000063
000333
000538
000568
000596
000625
000651
000725
000776
000858
000876
000938
000977
002027
002049
002129
002142
002179
002230
002236
002241
002271
002304
002371
002415
002466
002475
002594
002714
002812
002920
300014
300015
300059
300122
300124
300274
300308
300316
300347
300408
300413
300433
300450
300454
300496
300498
300750
300760
300782
